Reference No:Type:Date:Estimate Duration:Visitor Name:Visitor IC:Car Plate:
suyin2023-02-25T18:07:35.887739400,Visitor,25 Feb 2023,5 hour(s),Low Jye Shan,020201-01-2788,JJY3770
suyin2023-03-03T23:36:01.582637300,Overnight,4 Mar 2023,1 day(s),Hoong Jhen Wei,020202-02-0333,AJK3349
